paths of tx and sh
##################################################################################
nov60-tx(16,59)(6,58)(1,57)
hsat 16:*, 6:*, 1:*
   0: 0    0    0   covered by C0141 
   1: 0    0    1
   2: 0    1    0 
   3: 0    1    1
   4: 1    0    0 
   5: 1    0    1   covered by C0234
   6: 1    1    0 
   7: 1    1    1 
   
    0  1   2
sh:[1, 6, 16]

tail-sh:
-----------------------------------------------------------------------------
 0  1   2  3  4  5  6   7  8  9  10  11  12  13  14  15  16  17  18  19  20  
[0, 57, 2, 3, 4, 5, 58, 7, 8, 9, 10, 11, 12, 13, 14, 15, 59, 17, 18, 19, 20]

 21  22  23  24  25  26  27  28  29  30  31  32  33  34  35  36  37  38  39  40
[21, 22, 23, 24, 25, 26, 27, 28, 29, 30, 31, 32, 33, 34, 35, 36, 37, 38, 39, 40]

 41  42  43  44  45  46  47  48  49  50  51  52  53  54  55  56  -> 57  58  59
[41, 42, 43, 44, 45, 46, 47, 48, 49, 50, 51, 52, 53, 54, 55, 56] sh[ 1,  6, 16]
===============================================================================
nov57-tx(45,56)(31,55)(8,54), vk12: 29, vk3: 193
hsat 45:*,31:*, 8:*
   0: 0    0    0
   1: 0    0    1   covered by C0052{45:0,31:0, 8:1} > {56:0, 55:0, 54:1}
   2: 0    1    0 
   3: 0    1    1
   4: 1    0    0 
   5: 1    0    1 
   6: 1    1    0 
   7: 1    1    1 
   
    0  1   2
sh:[8, 31, 45]

tail-sh:
------------------------------------------------------------------------------
 0  1   2  3  4  5  6   7   8  9  10  11  12  13  14  15  16  17  18  19  20  
[0, 57, 2, 3, 4, 5, 58, 7, 54, 9, 10, 11, 12, 13, 14, 15, 59, 17, 18, 19, 20]

 21  22  23  24  25  26  27  28  29  30  31  32  33  34  35  36  37  38  39  40
[21, 22, 23, 24, 25, 26, 27, 28, 29, 30, 55, 32, 33, 34, 35, 36, 37, 38, 39, 40]

 41  42  43  44  45  46  47  48  49  50  51  52  53 ->  54  55  56
[41, 42, 43, 44, 56, 46, 47, 48, 49, 50, 51, 52, 53] sh[ 8, 31, 45]
===============================================================================
